{
 "cells": [
  {
   "cell_type": "code",
   "execution_count": 1,
   "id": "7690f92e",
   "metadata": {},
   "outputs": [],
   "source": [
    "import numpy as np\n",
    "import pandas as pd\n",
    "import matplotlib.pyplot as plt\n",
    "import wfdb\n",
    "from collections import Counter\n",
    "from sklearn.preprocessing import LabelEncoder\n",
    "from imblearn.over_sampling import SMOTENC\n",
    "from sklearn.model_selection import StratifiedKFold\n"
   ]
  },
  {
   "cell_type": "code",
   "execution_count": 2,
   "id": "336d1fdf",
   "metadata": {},
   "outputs": [],
   "source": [
    "def collect_and_label(dataset): \n",
    "    \n",
    "\n",
    "    df = pd.read_csv(dataset)\n",
    "    alpha = df['scp_codes'].str.split(\"'\").str[1].str[-2:]=='MI'  \n",
    "    beta = df['scp_codes'].str.split(\"'\").str[1]=='NORM'       \n",
    "    df = df[alpha|beta]\n",
    "    df['label'] = df['scp_codes'].str.split(\"'\").str[1]      \n",
    "      \n",
    "    inst_c1 = df[df['label'] == 'NORM']\n",
    "    inst_c1 = inst_c1.sample(n = 100, random_state = 1)\n",
    "    \n",
    "    inst_c2 = df[df['label'] == 'ILMI']\n",
    "    inst_c2 = inst_c2.sample(n = 100, random_state = 1)\n",
    "    \n",
    "\n",
    "    df_new = pd.concat([inst_c1, inst_c2], ignore_index = True)\n",
    "    df_new = df_new.sample(frac = 1, random_state=42)\n",
    "    \n",
    "    return  df_new"
   ]
  },
  {
   "cell_type": "code",
   "execution_count": 3,
   "id": "125817a7",
   "metadata": {},
   "outputs": [],
   "source": [
    "def div_and_label(dataframe):  \n",
    "    \n",
    "    X = dataframe[['ecg_id', 'filename_hr']]   \n",
    "    X = X.to_numpy()\n",
    "    y = dataframe['label']\n",
    "    encoder = LabelEncoder()\n",
    "    encoder.fit(y)\n",
    "    encoded_y = encoder.transform(y)\n",
    "    \n",
    "    return (X, encoded_y)"
   ]
  },
  {
   "cell_type": "code",
   "execution_count": 4,
   "id": "55d0a9d5",
   "metadata": {},
   "outputs": [
    {
     "name": "stdout",
     "output_type": "stream",
     "text": [
      "(200,)\n",
      "(200,)\n"
     ]
    }
   ],
   "source": [
    "alpha = collect_and_label(\"C:/Users/Pushpam/Downloads/ptbxl_database.csv\")  \n",
    "gamma0, gamma1 = div_and_label(alpha)\n",
    "gamma0 = gamma0[:,1]\n",
    "\n",
    "print(gamma0.shape)\n",
    "print(gamma1.shape)"
   ]
  },
  {
   "cell_type": "code",
   "execution_count": 5,
   "id": "2ece4cb4",
   "metadata": {},
   "outputs": [
    {
     "name": "stdout",
     "output_type": "stream",
     "text": [
      "['records500/08000/08190_hr' 'records500/12000/12365_hr'\n",
      " 'records500/03000/03403_hr' 'records500/18000/18438_hr'\n",
      " 'records500/15000/15664_hr' 'records500/00000/00528_hr'\n",
      " 'records500/00000/00548_hr' 'records500/16000/16405_hr'\n",
      " 'records500/01000/01950_hr' 'records500/18000/18043_hr'\n",
      " 'records500/02000/02897_hr' 'records500/19000/19404_hr'\n",
      " 'records500/17000/17165_hr' 'records500/18000/18860_hr'\n",
      " 'records500/19000/19842_hr' 'records500/07000/07481_hr'\n",
      " 'records500/10000/10582_hr' 'records500/14000/14777_hr'\n",
      " 'records500/14000/14694_hr' 'records500/20000/20903_hr'\n",
      " 'records500/00000/00742_hr' 'records500/11000/11204_hr'\n",
      " 'records500/13000/13228_hr' 'records500/04000/04262_hr'\n",
      " 'records500/09000/09469_hr' 'records500/00000/00543_hr'\n",
      " 'records500/14000/14177_hr' 'records500/06000/06152_hr'\n",
      " 'records500/13000/13157_hr' 'records500/06000/06025_hr'\n",
      " 'records500/12000/12061_hr' 'records500/07000/07628_hr'\n",
      " 'records500/01000/01321_hr' 'records500/10000/10221_hr'\n",
      " 'records500/05000/05889_hr' 'records500/12000/12560_hr'\n",
      " 'records500/11000/11904_hr' 'records500/21000/21342_hr'\n",
      " 'records500/15000/15829_hr' 'records500/08000/08751_hr'\n",
      " 'records500/12000/12129_hr' 'records500/17000/17397_hr'\n",
      " 'records500/17000/17859_hr' 'records500/19000/19922_hr'\n",
      " 'records500/09000/09015_hr' 'records500/19000/19106_hr'\n",
      " 'records500/17000/17608_hr' 'records500/15000/15699_hr'\n",
      " 'records500/09000/09265_hr' 'records500/15000/15480_hr'\n",
      " 'records500/21000/21064_hr' 'records500/16000/16277_hr'\n",
      " 'records500/01000/01350_hr' 'records500/19000/19455_hr'\n",
      " 'records500/14000/14991_hr' 'records500/14000/14366_hr'\n",
      " 'records500/16000/16609_hr' 'records500/20000/20346_hr'\n",
      " 'records500/21000/21242_hr' 'records500/08000/08840_hr'\n",
      " 'records500/04000/04048_hr' 'records500/20000/20635_hr'\n",
      " 'records500/14000/14938_hr' 'records500/16000/16943_hr'\n",
      " 'records500/11000/11233_hr' 'records500/16000/16168_hr'\n",
      " 'records500/03000/03649_hr' 'records500/21000/21016_hr'\n",
      " 'records500/10000/10770_hr' 'records500/11000/11427_hr'\n",
      " 'records500/10000/10445_hr' 'records500/21000/21416_hr'\n",
      " 'records500/11000/11263_hr' 'records500/18000/18927_hr'\n",
      " 'records500/00000/00821_hr' 'records500/21000/21372_hr'\n",
      " 'records500/06000/06149_hr' 'records500/01000/01627_hr'\n",
      " 'records500/06000/06868_hr' 'records500/21000/21722_hr'\n",
      " 'records500/16000/16265_hr' 'records500/06000/06312_hr'\n",
      " 'records500/12000/12965_hr' 'records500/18000/18512_hr'\n",
      " 'records500/20000/20973_hr' 'records500/10000/10079_hr'\n",
      " 'records500/17000/17385_hr' 'records500/05000/05977_hr'\n",
      " 'records500/07000/07111_hr' 'records500/09000/09814_hr'\n",
      " 'records500/16000/16741_hr' 'records500/05000/05664_hr'\n",
      " 'records500/11000/11680_hr' 'records500/09000/09386_hr'\n",
      " 'records500/06000/06156_hr' 'records500/07000/07345_hr'\n",
      " 'records500/14000/14285_hr' 'records500/02000/02407_hr'\n",
      " 'records500/03000/03566_hr' 'records500/10000/10878_hr'\n",
      " 'records500/20000/20576_hr' 'records500/19000/19286_hr'\n",
      " 'records500/09000/09098_hr' 'records500/11000/11391_hr'\n",
      " 'records500/20000/20056_hr' 'records500/07000/07826_hr'\n",
      " 'records500/21000/21287_hr' 'records500/21000/21836_hr'\n",
      " 'records500/13000/13886_hr' 'records500/07000/07676_hr'\n",
      " 'records500/20000/20936_hr' 'records500/09000/09417_hr'\n",
      " 'records500/16000/16666_hr' 'records500/21000/21750_hr'\n",
      " 'records500/12000/12250_hr' 'records500/15000/15337_hr'\n",
      " 'records500/20000/20705_hr' 'records500/11000/11723_hr'\n",
      " 'records500/21000/21357_hr' 'records500/17000/17698_hr'\n",
      " 'records500/00000/00047_hr' 'records500/06000/06827_hr'\n",
      " 'records500/12000/12300_hr' 'records500/19000/19079_hr'\n",
      " 'records500/09000/09710_hr' 'records500/01000/01772_hr'\n",
      " 'records500/07000/07537_hr' 'records500/13000/13535_hr'\n",
      " 'records500/07000/07985_hr' 'records500/06000/06268_hr'\n",
      " 'records500/18000/18433_hr' 'records500/14000/14207_hr'\n",
      " 'records500/18000/18522_hr' 'records500/19000/19849_hr'\n",
      " 'records500/13000/13705_hr' 'records500/15000/15647_hr'\n",
      " 'records500/18000/18787_hr' 'records500/20000/20097_hr'\n",
      " 'records500/00000/00365_hr' 'records500/21000/21486_hr'\n",
      " 'records500/12000/12810_hr' 'records500/05000/05602_hr'\n",
      " 'records500/19000/19874_hr' 'records500/11000/11454_hr'\n",
      " 'records500/00000/00793_hr' 'records500/16000/16348_hr'\n",
      " 'records500/16000/16397_hr' 'records500/18000/18054_hr'\n",
      " 'records500/03000/03748_hr' 'records500/18000/18535_hr'\n",
      " 'records500/01000/01056_hr' 'records500/10000/10464_hr'\n",
      " 'records500/13000/13123_hr' 'records500/04000/04390_hr'\n",
      " 'records500/02000/02936_hr' 'records500/05000/05382_hr'\n",
      " 'records500/16000/16340_hr' 'records500/19000/19794_hr'\n",
      " 'records500/13000/13972_hr' 'records500/20000/20331_hr'\n",
      " 'records500/18000/18507_hr' 'records500/20000/20080_hr'\n",
      " 'records500/00000/00997_hr' 'records500/20000/20498_hr'\n",
      " 'records500/15000/15850_hr' 'records500/09000/09916_hr'\n",
      " 'records500/07000/07500_hr' 'records500/14000/14689_hr'\n",
      " 'records500/06000/06450_hr' 'records500/00000/00391_hr'\n",
      " 'records500/08000/08052_hr' 'records500/01000/01504_hr'\n",
      " 'records500/11000/11098_hr' 'records500/21000/21688_hr'\n",
      " 'records500/21000/21025_hr' 'records500/17000/17047_hr'\n",
      " 'records500/17000/17302_hr' 'records500/17000/17301_hr'\n",
      " 'records500/01000/01521_hr' 'records500/02000/02536_hr'\n",
      " 'records500/03000/03833_hr' 'records500/15000/15653_hr'\n",
      " 'records500/07000/07506_hr' 'records500/16000/16725_hr'\n",
      " 'records500/14000/14491_hr' 'records500/08000/08958_hr'\n",
      " 'records500/12000/12133_hr' 'records500/17000/17939_hr'\n",
      " 'records500/08000/08910_hr' 'records500/06000/06567_hr'\n",
      " 'records500/09000/09519_hr' 'records500/21000/21397_hr'\n",
      " 'records500/05000/05587_hr' 'records500/09000/09271_hr'\n",
      " 'records500/02000/02812_hr' 'records500/06000/06702_hr'\n",
      " 'records500/15000/15052_hr' 'records500/05000/05418_hr'\n",
      " 'records500/21000/21531_hr' 'records500/21000/21202_hr']\n"
     ]
    }
   ],
   "source": [
    "print(gamma0)"
   ]
  },
  {
   "cell_type": "code",
   "execution_count": 6,
   "id": "65e58ba7",
   "metadata": {},
   "outputs": [
    {
     "data": {
      "text/plain": [
       "array([1, 1, 1, 0, 0, 0, 1, 0, 0, 1, 1, 0, 0, 1, 0, 0, 1, 0, 1, 1, 0, 1,\n",
       "       0, 1, 1, 1, 1, 1, 0, 0, 1, 1, 1, 1, 0, 0, 0, 0, 0, 1, 1, 0, 1, 1,\n",
       "       0, 0, 1, 1, 0, 1, 0, 0, 1, 0, 0, 1, 0, 1, 0, 1, 0, 1, 1, 1, 1, 0,\n",
       "       1, 0, 1, 0, 1, 0, 0, 1, 0, 0, 1, 0, 0, 0, 1, 1, 1, 0, 0, 1, 0, 1,\n",
       "       0, 1, 1, 0, 0, 1, 1, 0, 0, 1, 1, 0, 1, 1, 0, 0, 0, 0, 1, 1, 0, 0,\n",
       "       0, 1, 0, 0, 1, 0, 1, 1, 0, 1, 1, 0, 0, 0, 1, 1, 0, 0, 1, 1, 0, 1,\n",
       "       1, 0, 1, 0, 1, 0, 1, 0, 0, 0, 0, 1, 1, 1, 1, 0, 1, 1, 0, 0, 1, 1,\n",
       "       1, 1, 0, 0, 1, 1, 0, 0, 0, 0, 1, 1, 0, 1, 0, 1, 1, 1, 1, 1, 0, 0,\n",
       "       0, 1, 0, 0, 1, 1, 0, 0, 0, 0, 1, 0, 1, 1, 0, 0, 1, 0, 1, 0, 1, 1,\n",
       "       0, 0])"
      ]
     },
     "execution_count": 6,
     "metadata": {},
     "output_type": "execute_result"
    }
   ],
   "source": [
    "gamma1"
   ]
  },
  {
   "cell_type": "code",
   "execution_count": 7,
   "id": "773322ca",
   "metadata": {},
   "outputs": [],
   "source": [
    "from scipy import signal\n",
    "import matplotlib.pyplot as plt"
   ]
  },
  {
   "cell_type": "code",
   "execution_count": 8,
   "id": "117aa312",
   "metadata": {},
   "outputs": [],
   "source": [
    "import wfdb\n",
    "import numpy as np\n",
    "import matplotlib.pyplot as plt\n",
    "import neurokit2 as nk\n",
    "from scipy.signal import butter, filtfilt, detrend\n",
    "\n",
    "directory = 'D:/Internship/MIDataset/ptb-xl-a-large-publicly-available-electrocardiography-dataset-1.0.1'\n",
    "\n",
    "X = []\n",
    "for itr in range(gamma0.shape[0]):\n",
    "    record_name = str(gamma0[itr])\n",
    "    \n",
    "    signal, meta_val = wfdb.rdsamp(directory + '/' + record_name)\n",
    "    value = signal.T\n",
    "    ecg_signals = value\n",
    "\n",
    "    X.append(detrend(ecg_signals))\n",
    "    "
   ]
  },
  {
   "cell_type": "code",
   "execution_count": 9,
   "id": "41ebc71a",
   "metadata": {},
   "outputs": [
    {
     "name": "stdout",
     "output_type": "stream",
     "text": [
      "(200, 12, 5000)\n"
     ]
    }
   ],
   "source": [
    "X = np.array(X)\n",
    "print(X.shape)"
   ]
  },
  {
   "cell_type": "code",
   "execution_count": 10,
   "id": "b671bc2b",
   "metadata": {},
   "outputs": [
    {
     "name": "stdout",
     "output_type": "stream",
     "text": [
      "(200,)\n"
     ]
    }
   ],
   "source": [
    "y_data = gamma1;\n",
    "print(y_data.shape)"
   ]
  },
  {
   "cell_type": "code",
   "execution_count": 12,
   "id": "81f33a1c",
   "metadata": {},
   "outputs": [],
   "source": [
    "# windowing X in xnew\n",
    "xnew = []\n",
    "ynew = []\n",
    "patient_ids = []\n",
    "for i in range(X.shape[0]):\n",
    "    xnew.append(X[i,:,0:1000])\n",
    "    xnew.append(X[i,:,1000:2000])\n",
    "    xnew.append(X[i,:,2000:3000])\n",
    "    xnew.append(X[i,:,3000:4000])\n",
    "    xnew.append(X[i,:,4000:5000])\n",
    "    for j in range(5):\n",
    "        ynew.append(y_data[i])\n",
    "        patient_ids.append(i)\n",
    "X = np.array(xnew)\n",
    "y_data = np.array(ynew)\n",
    "patient_ids = np.array(patient_ids)"
   ]
  },
  {
   "cell_type": "code",
   "execution_count": 11,
   "id": "b0784b7a",
   "metadata": {},
   "outputs": [],
   "source": [
    "from dtaidistance import dtw\n",
    "d = dtw.distance_matrix_fast(X[0])"
   ]
  },
  {
   "cell_type": "code",
   "execution_count": 12,
   "id": "159435f5",
   "metadata": {},
   "outputs": [
    {
     "name": "stdout",
     "output_type": "stream",
     "text": [
      "(12, 12)\n"
     ]
    }
   ],
   "source": [
    "print(d.shape)"
   ]
  },
  {
   "cell_type": "code",
   "execution_count": null,
   "id": "62627c4a",
   "metadata": {},
   "outputs": [],
   "source": [
    "# distance = np.load('distance_ILMI_1000+393_not_random_dtw_matrix.npy')\n",
    "# y_data = np.load('y_data_ILMI_1000+393_not_random_dtw_matrix.npy')\n",
    "# patient_ids = np.load('patient_ids_ILMI_1000+393_not_random_dtw_matrix.npy')"
   ]
  },
  {
   "cell_type": "code",
   "execution_count": 13,
   "id": "986771e0",
   "metadata": {},
   "outputs": [
    {
     "name": "stdout",
     "output_type": "stream",
     "text": [
      "[[ 0.          3.34842819  5.27840328  7.47589329  4.18838655  3.12302622\n",
      "   7.00162723  8.66918685  2.98648604  2.89516904  3.47461609  2.66439589]\n",
      " [ 3.34842819  0.          6.39949676  9.75678211  7.02714     2.81209182\n",
      "   9.6098373  11.12774959  5.87353633  2.86653116  2.95991843  3.2295338 ]\n",
      " [ 5.27840328  6.39949676  0.          8.05914421  2.73808776  2.77663694\n",
      "   6.91701232 10.53302471  4.41278547  7.31002628  7.82256022  6.05931275]\n",
      " [ 7.47589329  9.75678211  8.05914421  0.          5.95542466  8.35823285\n",
      "   2.95201217  3.50985963  4.96632005  9.46972746 10.52251601  9.40136978]\n",
      " [ 4.18838655  7.02714     2.73808776  5.95542466  0.          4.01764622\n",
      "   4.91652039  8.29048878  1.96949082  7.03252439  7.65790842  6.01987354]\n",
      " [ 3.12302622  2.81209182  2.77663694  8.35823285  4.01764622  0.\n",
      "   7.6425078  10.54484472  4.0653292   4.07951787  4.55615221  3.48188398]\n",
      " [ 7.00162723  9.6098373   6.91701232  2.95201217  4.91652039  7.6425078\n",
      "   0.          3.1198947   3.94041887  9.20993653 10.42198077  9.28537991]\n",
      " [ 8.66918685 11.12774959 10.53302471  3.50985963  8.29048878 10.54484472\n",
      "   3.1198947   0.          6.13781769  9.99656566 11.55660887 11.30302782]\n",
      " [ 2.98648604  5.87353633  4.41278547  4.96632005  1.96949082  4.0653292\n",
      "   3.94041887  6.13781769  0.          5.22698782  6.20182043  4.96298312]\n",
      " [ 2.89516904  2.86653116  7.31002628  9.46972746  7.03252439  4.07951787\n",
      "   9.20993653  9.99656566  5.22698782  0.          1.28249507  1.5225629 ]\n",
      " [ 3.47461609  2.95991843  7.82256022 10.52251601  7.65790842  4.55615221\n",
      "  10.42198077 11.55660887  6.20182043  1.28249507  0.          1.50701592]\n",
      " [ 2.66439589  3.2295338   6.05931275  9.40136978  6.01987354  3.48188398\n",
      "   9.28537991 11.30302782  4.96298312  1.5225629   1.50701592  0.        ]]\n",
      "0\n",
      "[[ 0.          3.1702514   2.56889708  8.38843362  3.63386024  1.78423868\n",
      "  10.74721331 11.33424015  5.61505235  2.84581127  5.08406355  3.92990744]\n",
      " [ 3.1702514   0.          4.95720617  9.64293145  7.17832461  2.22545389\n",
      "  11.65037189 11.60142447  4.98986386  3.0579069   2.0272367   1.66771992]\n",
      " [ 2.56889708  4.95720617  0.          6.36263917  2.59648538  2.20569542\n",
      "   8.69563386 10.29788513  4.9338368   4.41650813  6.62505039  5.6217879 ]\n",
      " [ 8.38843362  9.64293145  6.36263917  0.          7.61732656  7.62628301\n",
      "   2.92316175  6.23367963  6.3667188   7.11118447 10.83597081 10.40032423]\n",
      " [ 3.63386024  7.17832461  2.59648538  7.61732656  0.          4.39004899\n",
      "  10.10313024 12.22909601  6.97628682  5.65807238  9.25445119  8.06858302]\n",
      " [ 1.78423868  2.22545389  2.20569542  7.62628301  4.39004899  0.\n",
      "   9.82185086 10.60644493  4.37487321  3.00540181  3.83740128  2.88585847]\n",
      " [10.74721331 11.65037189  8.69563386  2.92316175 10.10313024  9.82185086\n",
      "   0.          6.02693931  8.42060106  9.36068972 12.75550497 12.46891974]\n",
      " [11.33424015 11.60142447 10.29788513  6.23367963 12.22909601 10.60644493\n",
      "   6.02693931  0.          9.14967481  9.67563739 12.22806797 11.73705635]\n",
      " [ 5.61505235  4.98986386  4.9338368   6.3667188   6.97628682  4.37487321\n",
      "   8.42060106  9.14967481  0.          5.0615589   4.77510447  5.90902938]\n",
      " [ 2.84581127  3.0579069   4.41650813  7.11118447  5.65807238  3.00540181\n",
      "   9.36068972  9.67563739  5.0615589   0.          4.57408748  4.13971331]\n",
      " [ 5.08406355  2.0272367   6.62505039 10.83597081  9.25445119  3.83740128\n",
      "  12.75550497 12.22806797  4.77510447  4.57408748  0.          2.12257315]\n",
      " [ 3.92990744  1.66771992  5.6217879  10.40032423  8.06858302  2.88585847\n",
      "  12.46891974 11.73705635  5.90902938  4.13971331  2.12257315  0.        ]]\n",
      "1\n",
      "[[ 0.          4.22133685 11.00149384 18.37418531  4.79241811  9.73094435\n",
      "  13.33217072 20.24266136  8.73441781  5.9049137   2.38561112  9.58535089]\n",
      " [ 4.22133685  0.          7.25894076 17.16039035  4.25446749  5.6849163\n",
      "  12.57550151 24.48331533 11.77495024 10.5233478   5.98432843 10.2077783 ]\n",
      " [11.00149384  7.25894076  0.          9.42716152  7.27231497  3.88152124\n",
      "   7.79953656 26.9858275  16.29007923 17.06063792 12.36585847 10.09314795]\n",
      " [18.37418531 17.16039035  9.42716152  0.         13.25329288 14.3975714\n",
      "   6.96723002 24.9119327  17.6733604  21.15742925 19.3783898  17.0792247 ]\n",
      " [ 4.79241811  4.25446749  7.27231497 13.25329288  0.          5.80703486\n",
      "   8.1779063  21.99169008  9.68674277  9.72673642  5.87124038  7.4648446 ]\n",
      " [ 9.73094435  5.6849163   3.88152124 14.3975714   5.80703486  0.\n",
      "  10.92969343 28.86893689 15.87321202 16.16574224 11.53045236 11.64678985]\n",
      " [13.33217072 12.57550151  7.79953656  6.96723002  8.1779063  10.92969343\n",
      "   0.         22.56069478 13.2070334  16.39061677 14.20448386 13.1248298 ]\n",
      " [20.24266136 24.48331533 26.9858275  24.9119327  21.99169008 28.86893689\n",
      "  22.56069478  0.         13.12984089 14.18264553 19.5369536  25.04035744]\n",
      " [ 8.73441781 11.77495024 16.29007923 17.6733604   9.68674277 15.87321202\n",
      "  13.2070334  13.12984089  0.          5.30274438  7.91998951 12.46765353]\n",
      " [ 5.9049137  10.5233478  17.06063792 21.15742925  9.72673642 16.16574224\n",
      "  16.39061677 14.18264553  5.30274438  0.          4.91677184 12.23189221]\n",
      " [ 2.38561112  5.98432843 12.36585847 19.3783898   5.87124038 11.53045236\n",
      "  14.20448386 19.5369536   7.91998951  4.91677184  0.          8.98428673]\n",
      " [ 9.58535089 10.2077783  10.09314795 17.0792247   7.4648446  11.64678985\n",
      "  13.1248298  25.04035744 12.46765353 12.23189221  8.98428673  0.        ]]\n",
      "2\n",
      "[[ 0.          8.78570152 13.34023303  9.97601797  1.57447074 10.45274453\n",
      "  15.53837641 15.81080087 18.18593009 12.66641627 18.72714951  9.71384097]\n",
      " [ 8.78570152  0.          8.73362133  2.87005053 10.03251408  3.84407786\n",
      "  12.12181901 14.51610702 16.7669443  11.90200758 20.45670721  3.63284751]\n",
      " [13.34023303  8.73362133  0.          8.85677153 13.76500416  4.0557447\n",
      "   6.21026195 11.48569305 12.63611327  9.8672873  22.58242965 13.13499344]\n",
      " [ 9.97601797  2.87005053  8.85677153  0.         11.23931445  4.39514784\n",
      "  12.38953035 15.18397474 17.37965135 12.31902848 20.47846648  3.92895564]\n",
      " [ 1.57447074 10.03251408 13.76500416 11.23931445  0.         11.4200332\n",
      "  15.57868299 15.55227011 17.86106151 12.31869998 18.66565738 11.01403727]\n",
      " [10.45274453  3.84407786  4.0557447   4.39514784 11.4200332   0.\n",
      "   8.70574983 12.89759369 14.76231693 10.5015203  21.77889725  7.7055781 ]\n",
      " [15.53837641 12.12181901  6.21026195 12.38953035 15.57868299  8.70574983\n",
      "   0.          5.62163409  5.78694487  5.26707339 20.96711129 16.71340625]\n",
      " [15.81080087 14.51610702 11.48569305 15.18397474 15.55227011 12.89759369\n",
      "   5.62163409  0.          2.70459735  3.56175049 21.68106542 18.38277229]\n",
      " [18.18593009 16.7669443  12.63611327 17.37965135 17.86106151 14.76231693\n",
      "   5.78694487  2.70459735  0.          4.95573203 21.31563658 20.70660443]\n",
      " [12.66641627 11.90200758  9.8672873  12.31902848 12.31869998 10.5015203\n",
      "   5.26707339  3.56175049  4.95573203  0.         18.68284254 15.19981891]\n",
      " [18.72714951 20.45670721 22.58242965 20.47846648 18.66565738 21.77889725\n",
      "  20.96711129 21.68106542 21.31563658 18.68284254  0.         20.40000404]\n",
      " [ 9.71384097  3.63284751 13.13499344  3.92895564 11.01403727  7.7055781\n",
      "  16.71340625 18.38277229 20.70660443 15.19981891 20.40000404  0.        ]]\n",
      "3\n",
      "[[ 0.          4.54444534  7.66047068  6.44745668  1.3680856   5.74907437\n",
      "   8.5252611  19.04305575 20.05626774 11.87050038  3.48418008  4.52659503]\n",
      " [ 4.54444534  0.          6.15907219  2.89040247  5.03712391  2.94144851\n",
      "   6.54764192 20.4397734  21.29657596 11.41504728  2.55768316  2.61919179]\n",
      " [ 7.66047068  6.15907219  0.          4.70421712  7.28255391  2.7389575\n",
      "   2.18766785 13.11208185 14.14570314  7.40876789  4.88157935  6.9102942 ]\n",
      " [ 6.44745668  2.89040247  4.70421712  0.          6.47799232  2.76307005\n",
      "   4.68406495 19.6611539  20.47896301 10.98073461  3.44125902  3.73167792]\n",
      " [ 1.3680856   5.03712391  7.28255391  6.47799232  0.          5.648414\n",
      "   8.09256273 18.3576181  19.46930603 11.60727869  3.53038486  4.99666377]\n",
      " [ 5.74907437  2.94144851  2.7389575   2.76307005  5.648414    0.\n",
      "   3.62947471 17.08533938 18.10822043  9.35961567  3.41188483  3.99459332]\n",
      " [ 8.5252611   6.54764192  2.18766785  4.68406495  8.09256273  3.62947471\n",
      "   0.         13.26748098 14.02956678  6.22636396  5.07320026  7.94524724]\n",
      " [19.04305575 20.4397734  13.11208185 19.6611539  18.3576181  17.08533938\n",
      "  13.26748098  0.          1.76962448  8.90119055 17.01826598 21.16958924]\n",
      " [20.05626774 21.29657596 14.14570314 20.47896301 19.46930603 18.10822043\n",
      "  14.02956678  1.76962448  0.          9.01168427 17.97213373 22.11586955]\n",
      " [11.87050038 11.41504728  7.40876789 10.98073461 11.60727869  9.35961567\n",
      "   6.22636396  8.90119055  9.01168427  0.          9.65015487 12.82345793]\n",
      " [ 3.48418008  2.55768316  4.88157935  3.44125902  3.53038486  3.41188483\n",
      "   5.07320026 17.01826598 17.97213373  9.65015487  0.          3.18837743]\n",
      " [ 4.52659503  2.61919179  6.9102942   3.73167792  4.99666377  3.99459332\n",
      "   7.94524724 21.16958924 22.11586955 12.82345793  3.18837743  0.        ]]\n",
      "4\n",
      "[[ 0.          9.13631938 15.06871195  4.06424229  4.44056881 11.98856038\n",
      "   3.35673876  2.72225441  2.89120466  5.54404559  5.79865405  5.17906029]\n",
      " [ 9.13631938  0.          5.61213393  9.09568064 10.47401551  2.52731172\n",
      "   8.64967     8.41175753  7.9550917   8.4805885   9.22533459  8.77758658]\n",
      " [15.06871195  5.61213393  0.         15.6395306  14.95196489  2.50877462\n",
      "  14.9720463  14.55373563 13.63120178 12.93498762 15.16295893 15.43828017]\n",
      " [ 4.06424229  9.09568064 15.6395306   0.          8.98257637 12.26988287\n",
      "   1.85883112  2.43146065  4.75544595  7.23416732  5.65688864  2.70581356]\n",
      " [ 4.44056881 10.47401551 14.95196489  8.98257637  0.         12.47166489\n",
      "   7.84924806  6.32939498  5.14158487  4.81372161  8.42515718 10.02438005]\n",
      " [11.98856038  2.52731172  2.50877462 12.26988287 12.47166489  0.\n",
      "  11.71702194 11.38824699 10.63236794 10.44170059 12.05760252 12.02337232]\n",
      " [ 3.35673876  8.64967    14.9720463   1.85883112  7.84924806 11.71702194\n",
      "   0.          2.39144104  4.12372923  6.14890078  5.07466356  3.62983668]\n",
      " [ 2.72225441  8.41175753 14.55373563  2.43146065  6.32939498 11.38824699\n",
      "   2.39144104  0.          3.33936988  5.03010484  5.34138187  4.07282485]\n",
      " [ 2.89120466  7.9550917  13.63120178  4.75544595  5.14158487 10.63236794\n",
      "   4.12372923  3.33936988  0.          5.40506885  5.53825387  4.66716275]\n",
      " [ 5.54404559  8.4805885  12.93498762  7.23416732  4.81372161 10.44170059\n",
      "   6.14890078  5.03010484  5.40506885  0.          6.69217947  8.3933788 ]\n",
      " [ 5.79865405  9.22533459 15.16295893  5.65688864  8.42515718 12.05760252\n",
      "   5.07466356  5.34138187  5.53825387  6.69217947  0.          5.97627052]\n",
      " [ 5.17906029  8.77758658 15.43828017  2.70581356 10.02438005 12.02337232\n",
      "   3.62983668  4.07282485  4.66716275  8.3933788   5.97627052  0.        ]]\n",
      "5\n",
      "[[ 0.          3.58663812  8.65383849 14.20793506  3.17952869  4.42100633\n",
      "  18.63957727 17.86453516 14.48474074 14.87389878  4.12958446  2.03377524]\n",
      " [ 3.58663812  0.          7.05503754 13.07854968  5.56708122  2.8876755\n",
      "  16.51056492 15.95667223 12.75162645 12.86261533  5.37196332  3.8750797 ]\n",
      " [ 8.65383849  7.05503754  0.          6.11058985  7.3674736   4.6846938\n",
      "  10.14341037 12.7714697  13.65655443 15.73390282 11.36160344  9.77031703]\n",
      " [14.20793506 13.07854968  6.11058985  0.         11.33852317 11.04084642\n",
      "   6.95675652 12.91631216 14.28967258 17.68054687 16.23439637 15.44333699]\n",
      " [ 3.17952869  5.56708122  7.3674736  11.33852317  0.          4.65850583\n",
      "  17.02209413 17.62560316 15.4491096  15.25367887  6.43256212  4.70125373]\n",
      " [ 4.42100633  2.8876755   4.6846938  11.04084642  4.65850583  0.\n",
      "  16.21331118 16.42064634 13.60740156 14.25870304  7.53641873  5.69559699]\n",
      " [18.63957727 16.51056492 10.14341037  6.95675652 17.02209413 16.21331118\n",
      "   0.          6.86327037  9.11764478 13.89427551 19.37032189 18.80872791]\n",
      " [17.86453516 15.95667223 12.7714697  12.91631216 17.62560316 16.42064634\n",
      "   6.86327037  0.          7.30385565 12.13539304 17.58208199 17.7174614 ]\n",
      " [14.48474074 12.75162645 13.65655443 14.28967258 15.4491096  13.60740156\n",
      "   9.11764478  7.30385565  0.          8.01122514 13.69827541 14.40902238]\n",
      " [14.87389878 12.86261533 15.73390282 17.68054687 15.25367887 14.25870304\n",
      "  13.89427551 12.13539304  8.01122514  0.         14.53206315 14.37230773]\n",
      " [ 4.12958446  5.37196332 11.36160344 16.23439637  6.43256212  7.53641873\n",
      "  19.37032189 17.58208199 13.69827541 14.53206315  0.          3.00940206]\n",
      " [ 2.03377524  3.8750797   9.77031703 15.44333699  4.70125373  5.69559699\n",
      "  18.80872791 17.7174614  14.40902238 14.37230773  3.00940206  0.        ]]\n",
      "6\n"
     ]
    },
    {
     "name": "stdout",
     "output_type": "stream",
     "text": [
      "[[ 0.          3.38062795  9.26669001  8.50231862  2.35880708  5.62676624\n",
      "  18.97388359 23.40651331 16.20618704  6.27463712  2.24124148  2.43271202]\n",
      " [ 3.38062795  0.          8.94126505  7.05338401  4.44752741  4.33997174\n",
      "  18.88672241 24.23176225 16.88558726  9.07502746  4.2105422   1.72686797]\n",
      " [ 9.26669001  8.94126505  0.          8.46655729  8.39380138  3.99020085\n",
      "   5.96040953  9.95527193  6.98018073  9.31420721  8.77538757  9.70759702]\n",
      " [ 8.50231862  7.05338401  8.46655729  0.          8.77842263  6.29866969\n",
      "  14.67778704 19.54417698 12.96498075 11.81533063 11.48604805  8.49835811]\n",
      " [ 2.35880708  4.44752741  8.39380138  8.77842263  0.          5.54027577\n",
      "  16.66735318 20.71874599 13.70411172  4.40409745  2.45148662  3.55144816]\n",
      " [ 5.62676624  4.33997174  3.99020085  6.29866969  5.54027577  0.\n",
      "  11.66365097 16.38956312 10.58813148  7.21074796  5.54209931  5.43633686]\n",
      " [18.97388359 18.88672241  5.96040953 14.67778704 16.66735318 11.66365097\n",
      "   0.          4.90289978  5.44201552 16.76841805 18.90770212 19.85194221]\n",
      " [23.40651331 24.23176225  9.95527193 19.54417698 20.71874599 16.38956312\n",
      "   4.90289978  0.          6.43337875 19.91007522 22.79130736 24.4776533 ]\n",
      " [16.20618704 16.88558726  6.98018073 12.96498075 13.70411172 10.58813148\n",
      "   5.44201552  6.43337875  0.         13.66878128 16.03524162 17.0738677 ]\n",
      " [ 6.27463712  9.07502746  9.31420721 11.81533063  4.40409745  7.21074796\n",
      "  16.76841805 19.91007522 13.66878128  0.          5.17001486  8.36284724]\n",
      " [ 2.24124148  4.2105422   8.77538757 11.48604805  2.45148662  5.54209931\n",
      "  18.90770212 22.79130736 16.03524162  5.17001486  0.          3.3110098 ]\n",
      " [ 2.43271202  1.72686797  9.70759702  8.49835811  3.55144816  5.43633686\n",
      "  19.85194221 24.4776533  17.0738677   8.36284724  3.3110098   0.        ]]\n",
      "7\n",
      "[[ 0.         10.14002051 16.40129818 10.37879354  2.66941237 12.70527306\n",
      "  18.74038604 29.12261871 22.64875704 10.93365033 34.6770301  25.70850684]\n",
      " [10.14002051  0.          8.38527     5.74258575 11.55901333  4.19526639\n",
      "  11.15910011 21.42444482 15.68104329  4.23127675 34.54557212 25.64844981]\n",
      " [16.40129818  8.38527     0.          9.24026379 17.58439329  3.86607237\n",
      "   5.4469765  15.51314585  8.85667349  9.34567755 36.44166631 28.0871476 ]\n",
      " [10.37879354  5.74258575  9.24026379  0.         11.24318081  6.75300435\n",
      "  10.12159481 22.10943156 15.99643222  7.35935831 32.90888993 28.8064194 ]\n",
      " [ 2.66941237 11.55901333 17.58439329 11.24318081  0.         13.8832283\n",
      "  19.37055696 30.58737031 23.8639515  12.57534603 34.5929194  27.34490448]\n",
      " [12.70527306  4.19526639  3.86607237  6.75300435 13.8832283   0.\n",
      "   7.98455902 18.28019079 12.18034731  5.91665269 35.32174193 27.48607864]\n",
      " [18.74038604 11.15910011  5.4469765  10.12159481 19.37055696  7.98455902\n",
      "   0.         12.61640579  6.72971398 10.76022415 33.61932365 28.34815145]\n",
      " [29.12261871 21.42444482 15.51314585 22.10943156 30.58737031 18.28019079\n",
      "  12.61640579  0.          8.56251643 18.86655381 38.53385131 32.86489208]\n",
      " [22.64875704 15.68104329  8.85667349 15.99643222 23.8639515  12.18034731\n",
      "   6.72971398  8.56251643  0.         14.07966385 37.68367457 28.97936578]\n",
      " [10.93365033  4.23127675  9.34567755  7.35935831 12.57534603  5.91665269\n",
      "  10.76022415 18.86655381 14.07966385  0.         32.74700812 25.02374406]\n",
      " [34.6770301  34.54557212 36.44166631 32.90888993 34.5929194  35.32174193\n",
      "  33.61932365 38.53385131 37.68367457 32.74700812  0.         57.92052595]\n",
      " [25.70850684 25.64844981 28.0871476  28.8064194  27.34490448 27.48607864\n",
      "  28.34815145 32.86489208 28.97936578 25.02374406 57.92052595  0.        ]]\n",
      "8\n",
      "[[ 0.          5.59885004  3.98951635  9.23133951  4.8921198   4.14546817\n",
      "  17.41047662 15.88470717 10.05565926  6.64817224  5.09762646  3.84244095]\n",
      " [ 5.59885004  0.          3.02032774 14.14373489 11.72065096  2.01921501\n",
      "  18.97629564 17.77628342 12.78180164  5.219243    2.53325903  3.8581795 ]\n",
      " [ 3.98951635  3.02032774  0.         10.6211466   7.72193394  1.05712968\n",
      "  17.80051197 16.29633148 10.86903468  6.5814807   4.16537394  4.24852751]\n",
      " [ 9.23133951 14.14373489 10.6211466   0.          4.38822531 12.11210486\n",
      "  10.01299121  8.20475961  5.30027693 10.70918475 12.27899483 11.98377192]\n",
      " [ 4.8921198  11.72065096  7.72193394  4.38822531  0.          9.41629899\n",
      "  14.47916715 12.64386104  7.83530453  9.95805784 10.174651    8.94884211]\n",
      " [ 4.14546817  2.01921501  1.05712968 12.11210486  9.41629899  0.\n",
      "  18.28431856 16.89885817 11.63513338  6.01174036  3.37895137  3.8955607 ]\n",
      " [17.41047662 18.97629564 17.80051197 10.01299121 14.47916715 18.28431856\n",
      "   0.          2.52362421  5.17527914 14.64244903 17.07789595 18.26914011]\n",
      " [15.88470717 17.77628342 16.29633148  8.20475961 12.64386104 16.89885817\n",
      "   2.52362421  0.          3.709999   12.74621872 15.83771538 16.92188758]\n",
      " [10.05565926 12.78180164 10.86903468  5.30027693  7.83530453 11.63513338\n",
      "   5.17527914  3.709999    0.          8.1135339  10.77777366 11.52295288]\n",
      " [ 6.64817224  5.219243    6.5814807  10.70918475  9.95805784  6.01174036\n",
      "  14.64244903 12.74621872  8.1135339   0.          3.11720782  4.95746915]\n",
      " [ 5.09762646  2.53325903  4.16537394 12.27899483 10.174651    3.37895137\n",
      "  17.07789595 15.83771538 10.77777366  3.11720782  0.          2.16097774]\n",
      " [ 3.84244095  3.8581795   4.24852751 11.98377192  8.94884211  3.8955607\n",
      "  18.26914011 16.92188758 11.52295288  4.95746915  2.16097774  0.        ]]\n",
      "9\n",
      "[[ 0.          2.2212068   6.55439393  7.59087428  2.59056199  4.88436522\n",
      "   8.50875615 11.24886762  9.41231164  4.7031148   2.45643605  2.23150366]\n",
      " [ 2.2212068   0.          4.95189674  6.81410553  3.59392119  2.90598806\n",
      "   7.70435433 11.03295991  9.6172287   5.75951284  3.44356406  3.21073487]\n",
      " [ 6.55439393  4.95189674  0.          4.65733772  4.32541468  2.02896616\n",
      "   5.22178453 10.30503579 10.60962539  8.50745351  6.1655219   5.49155037]\n",
      " [ 7.59087428  6.81410553  4.65733772  0.          6.09111212  5.39753318\n",
      "   3.04498771  7.69514324  8.58252018  7.985449    6.73940029  6.90357289]\n",
      " [ 2.59056199  3.59392119  4.32541468  6.09111212  0.          3.18523785\n",
      "   7.37491442 11.16969765 10.30476571  6.10737354  3.40082342  2.74846126]\n",
      " [ 4.88436522  2.90598806  2.02896616  5.39753318  3.18523785  0.\n",
      "   6.55669172 10.9316412  10.37597264  7.46902226  4.91331026  4.25406341]\n",
      " [ 8.50875615  7.70435433  5.22178453  3.04498771  7.37491442  6.55669172\n",
      "   0.          5.63601737  7.20810626  7.61012329  7.43575092  8.06181792]\n",
      " [11.24886762 11.03295991 10.30503579  7.69514324 11.16969765 10.9316412\n",
      "   5.63601737  0.          2.79368982  7.76914265  9.72436617 11.35030219]\n",
      " [ 9.41231164  9.6172287  10.60962539  8.58252018 10.30476571 10.37597264\n",
      "   7.20810626  2.79368982  0.          5.34318222  7.76570466  9.86262992]\n",
      " [ 4.7031148   5.75951284  8.50745351  7.985449    6.10737354  7.46902226\n",
      "   7.61012329  7.76914265  5.34318222  0.          2.55911115  4.61977775]\n",
      " [ 2.45643605  3.44356406  6.1655219   6.73940029  3.40082342  4.91331026\n",
      "   7.43575092  9.72436617  7.76570466  2.55911115  0.          1.75626999]\n",
      " [ 2.23150366  3.21073487  5.49155037  6.90357289  2.74846126  4.25406341\n",
      "   8.06181792 11.35030219  9.86262992  4.61977775  1.75626999  0.        ]]\n",
      "10\n",
      "[[ 0.          1.80861059  3.90494758  2.47984655  1.25820957  3.06221342\n",
      "   9.43510739 25.79220185 12.01233846  4.32645673  2.5209661   1.81479977]\n",
      " [ 1.80861059  0.          2.63541055  1.93429025  2.53303777  1.29366007\n",
      "   9.50100804 26.34694966 12.76676628  4.91607367  3.30638801  1.99605862]\n",
      " [ 3.90494758  2.63541055  0.          2.61782418  4.62368331  1.31076657\n",
      "   8.39718744 24.98529963 12.78026391  6.66355738  5.06973793  3.36589475]\n",
      " [ 2.47984655  1.93429025  2.61782418  0.          2.56579686  1.85117861\n",
      "  10.40754892 27.13301249 13.84238272  5.64172142  3.85017295  2.29382554]\n",
      " [ 1.25820957  2.53303777  4.62368331  2.56579686  0.          3.52055353\n",
      "  10.28511459 26.17957362 12.36416853  4.41290785  2.14623703  2.22248231]\n",
      " [ 3.06221342  1.29366007  1.31076657  1.85117861  3.52055353  0.\n",
      "   9.51193747 26.55631978 13.59486456  6.04897216  4.39926922  2.6601472 ]\n",
      " [ 9.43510739  9.50100804  8.39718744 10.40754892 10.28511459  9.51193747\n",
      "   0.         13.85959838  3.59415168  9.23852009  9.26292736  9.48321402]\n",
      " [25.79220185 26.34694966 24.98529963 27.13301249 26.17957362 26.55631978\n",
      "  13.85959838  0.          9.55572174 24.01051097 24.07994102 25.93223126]\n",
      " [12.01233846 12.76676628 12.78026391 13.84238272 12.36416853 13.59486456\n",
      "   3.59415168  9.55572174  0.         11.59817012 10.88794456 12.2315729 ]\n",
      " [ 4.32645673  4.91607367  6.66355738  5.64172142  4.41290785  6.04897216\n",
      "   9.23852009 24.01051097 11.59817012  0.          3.48956716  4.93766013]\n",
      " [ 2.5209661   3.30638801  5.06973793  3.85017295  2.14623703  4.39926922\n",
      "   9.26292736 24.07994102 10.88794456  3.48956716  0.          2.35454891]\n",
      " [ 1.81479977  1.99605862  3.36589475  2.29382554  2.22248231  2.6601472\n",
      "   9.48321402 25.93223126 12.2315729   4.93766013  2.35454891  0.        ]]\n",
      "11\n"
     ]
    },
    {
     "name": "stdout",
     "output_type": "stream",
     "text": [
      "[[ 0.          3.87599293  4.2676149   6.41518993  2.04962909  5.58690782\n",
      "   7.03225943  4.20428852  2.89036838  3.06147926  3.16573702 15.25792775]\n",
      " [ 3.87599293  0.          2.84602981  5.69562203  3.81653165  1.93460852\n",
      "   9.00017763  3.42663606  3.02649731  3.64162873  2.19400114 14.93040806]\n",
      " [ 4.2676149   2.84602981  0.          4.26084098  4.43285874  3.17180242\n",
      "   7.64036973  3.85929894  3.25399624  4.45965454  3.09060873 14.13166338]\n",
      " [ 6.41518993  5.69562203  4.26084098  0.          4.44095339  6.03442988\n",
      "   5.12115309  4.09602345  5.18080654  6.86359241  5.97425404 16.59580297]\n",
      " [ 2.04962909  3.81653165  4.43285874  4.44095339  0.          5.02613623\n",
      "   5.69492185  3.18893816  2.95817958  3.80212238  3.44729628 15.67602039]\n",
      " [ 5.58690782  1.93460852  3.17180242  6.03442988  5.02613623  0.\n",
      "   9.7088825   3.42228568  3.29995149  4.86190781  2.91960961 15.46795395]\n",
      " [ 7.03225943  9.00017763  7.64036973  5.12115309  5.69492185  9.7088825\n",
      "   0.          7.58822291  6.71160813  7.08950215  7.88757227 16.59886454]\n",
      " [ 4.20428852  3.42663606  3.85929894  4.09602345  3.18893816  3.42228568\n",
